   7.3449611e-09
   1.0149621e-09
   2.4423208e-09
   8.1366869e-10
   3.6815506e-10
   3.5395917e-09
   6.4538752e-10
   5.8025629e-10
   4.8291593e-11
   9.0979069e-10
   4.8318711e-09
   3.4735770e-11
   4.3830206e-10
   1.0910486e-09
   5.8685039e-09
   2.2799649e-09
   1.0312913e-09
   5.2206446e-09
   1.0473125e-09
   9.5986108e-10
   2.5740543e-10
   1.0539363e-09
   1.6529955e-10
   9.3794461e-10
   1.1678973e-09
   2.4147306e-10
   2.8963516e-09
   1.5192181e-08
   4.1060644e-10
   7.6447071e-11
   7.4243744e-10
   1.9622859e-10
   2.2426838e-10
   3.7023229e-10
   3.2466518e-10
   2.8227976e-10
   1.2445311e-10
   6.2755290e-10
   3.5550649e-09
   6.3224228e-09
   2.1810045e-09
   1.2837496e-09
   3.1826985e-10
   3.3842200e-09
   1.1170176e-11
   9.9750956e-09
   5.0040794e-10
   5.2518434e-11
   1.5046167e-09
   6.5166583e-10
   1.0010013e-09
   9.2574171e-10
   1.3778889e-10
   1.1192864e-09
   2.3277225e-09
   1.6808951e-08
   1.9584179e-09
   4.1019099e-10
   1.0216969e-09
   4.7942927e-09
   1.1398486e-08
   3.4852849e-09
   3.9824855e-10
   1.1925061e-08
   8.6861272e-09
   5.8108673e-10
   1.3473159e-08
   2.5732860e-10
   4.3148241e-09
   7.0251449e-10
   1.3475330e-09
   2.9820346e-10
   8.7443475e-10
   6.0481089e-09
   1.7749504e-09
   1.5730306e-11
   1.0659507e-09
   6.1183132e-09
   4.7085686e-09
   4.3021453e-09
   4.8759397e-10
   2.3010844e-09
   1.1244052e-09
   2.3218756e-09
   5.2280151e-09
   3.3411274e-10
   6.4193917e-10
   1.4984607e-09
   4.2258381e-09
   5.3300717e-09
   2.4334716e-09
   1.0398926e-09
   1.6689938e-10
   3.7037382e-09
   1.4901613e-10
   1.4327453e-09
   4.7825217e-09
   1.9292874e-09
   6.5803274e-09
   8.1430693e-09
   6.1350707e-09
   4.8302340e-10
   2.1582828e-08
   1.4534944e-09
   1.9246493e-10
   8.1148777e-10
   1.4185615e-08
   7.5351791e-10
   1.5491874e-09
   6.0791461e-10
   3.1520255e-09
   4.5388102e-09
   2.1817677e-09
   2.2260860e-11
   3.3369085e-10
   8.9394048e-10
   6.0768812e-10
   1.5759789e-09
   2.9329439e-09
   5.3970641e-09
   8.6621377e-10
   1.1747778e-09
   9.7475805e-11
   2.3456614e-10
   1.5648582e-09
   2.0836222e-10
   1.7150770e-10
   5.1838978e-10
   3.2102276e-10
   3.6713521e-11
   1.2165850e-08
   6.7336958e-10
   4.4593951e-10
   1.6385366e-09
   8.6778784e-10
   1.5225032e-09
   8.0748497e-10
   7.2117801e-10
   2.1586288e-09
   1.9212054e-10
   4.2754489e-09
   2.4760061e-10
   1.1759682e-10
   3.1141756e-11
   6.0325096e-09
   2.1124225e-08
   6.9414547e-09
   3.2715342e-10
   1.9670134e-09
   8.0766305e-10
   3.7033001e-09
   5.7369112e-09
   2.4449003e-09
   2.4295896e-09
   2.0413005e-11
   1.0797780e-09
   3.8888468e-09
   1.8012192e-10
   4.4317061e-10
   3.6692211e-09
   2.9044624e-09
   2.0899611e-09
   1.3360313e-10
   6.6091022e-10
   9.2886276e-10
   1.5880930e-09
   7.2520434e-11
   2.0851059e-09
   2.5975255e-09
   1.0173682e-09
   4.6108577e-09
   3.1956218e-09
   8.2812313e-10
   2.7392424e-09
   1.5739230e-09
   3.4112742e-09
   3.0028202e-10
   3.5289829e-09
   3.9889816e-09
   6.2888805e-11
   4.9458895e-09
   4.6195248e-10
   9.0345331e-10
   3.8509751e-10
   8.2366336e-11
   1.7228663e-09
   1.7571928e-09
   4.9850339e-09
   1.2675568e-08
  -4.7739590e-13
   2.4228177e-09
   1.5445889e-10
   3.2695573e-09
   2.1857938e-10
   7.4805051e-11
   7.5859741e-10
   6.2606420e-09
   3.4456049e-09
   4.3612358e-10
   6.1891936e-10
   2.3809399e-10
   2.9098779e-09
   1.3032011e-09
   8.7543803e-09
   7.5141116e-10
   1.6895441e-10
   7.6832798e-09
   3.4042147e-09
   4.5909743e-10
   2.2580826e-11
   5.4361116e-10
   4.2878903e-09
   2.7277602e-10
   1.3600543e-09
   7.4963642e-09
   5.3222760e-11
   3.2416181e-10
   1.8617581e-09
   2.2553337e-09
   2.5219205e-10
   5.3359455e-09
   2.9763791e-10
   2.8631786e-10
   1.4712540e-09
   4.7021966e-09
   3.9638337e-10
   7.6554749e-09
  -7.9851681e-12
   4.2142201e-10
   3.7371979e-09
   3.5152983e-09
   6.6164940e-10
   1.2648367e-09
   8.9788879e-09
   1.7909207e-10
   9.7340891e-10
   6.6923840e-09
   8.0768867e-09
   3.1616705e-09
   4.2793080e-10
   1.8117412e-09
   2.2148781e-09
   7.6963125e-10
   1.8261281e-10
   9.3848662e-10
   8.7099905e-10
   2.4141622e-10
   3.3013079e-09
   3.2500003e-10
   1.8552893e-10
   2.3724969e-09
   6.0070433e-09
   3.4255798e-10
   3.2294833e-11
   6.9389161e-10
   4.3254955e-11
   1.8841122e-09
   3.6498418e-09
   1.9389801e-09
   8.9304786e-11
   2.2367597e-10
   1.1523849e-10
   2.4569213e-09
   1.5890326e-08
   4.4186097e-09
   3.9567638e-09
   3.3608805e-10
   1.1040833e-09
   5.4105376e-09
   8.0358320e-10
   3.7158898e-10
   4.0959869e-09
   8.6054897e-10
   1.5970198e-09
   1.5053049e-08
   2.5436830e-10
   1.9287454e-09
   2.4824764e-10
   3.7707761e-09
   2.6657299e-10
   2.4188760e-09
   2.8223890e-09
   2.9092573e-10
   1.6235189e-09
   8.7217789e-11
   1.7825368e-09
   1.2413475e-08
   5.0755733e-10
   2.3744260e-09
   3.1059044e-10
   1.3866734e-09
   2.8614755e-10
   8.3233540e-09
   3.0762930e-09
   1.4705370e-10
   4.8661897e-10
   3.6928820e-09
   8.1503804e-09
   3.6403500e-09
   1.3416763e-09
