   7.2708728e-11
   4.2579695e-10
  -4.9755755e-12
   4.4491100e-10
   4.6551096e-10
   6.5182060e-10
   1.0553780e-12
   1.9928503e-12
   1.9458168e-10
   1.7536506e-10
   7.7567508e-10
   1.1113443e-10
   1.7197688e-10
   1.9829982e-10
   1.9349722e-10
   5.0417448e-12
   1.8333823e-10
   3.6330938e-12
  -5.2411409e-12
   1.7951063e-10
   5.1980642e-12
   7.0020567e-10
   4.0783465e-10
   1.4778401e-11
   1.6731061e-12
  -1.1717294e-11
   2.2241342e-10
   4.4514215e-10
   5.2404303e-11
  -3.4665604e-12
  -7.6516571e-12
   2.5295965e-10
  -5.8628657e-12
   3.2596148e-13
   1.7623680e-12
   6.4488193e-11
   9.8619113e-11
   9.6188613e-11
   3.0944358e-10
   1.9970359e-10
   2.4813485e-12
   6.7525985e-12
   3.3334757e-10
   2.5163316e-10
   1.4310331e-11
   1.6497470e-10
   4.2665294e-10
  -7.8923534e-12
   2.7966718e-10
  -6.6551209e-12
   2.2984659e-10
   7.0026984e-10
   9.1604502e-12
   7.2915918e-10
   3.6287240e-10
   2.8479397e-10
   2.9544367e-10
   3.0142600e-10
  -8.4341423e-12
   1.1837198e-12
   2.5655034e-12
   1.9768454e-10
   1.8537727e-10
   9.6912700e-11
   6.8664163e-10
   1.0526091e-10
   5.8172711e-10
   1.7314394e-10
   4.7407744e-10
   1.5163655e-09
   1.1631807e-11
   6.6533357e-10
   1.0320456e-10
   5.3150817e-12
   3.0277247e-10
   5.0224314e-10
   2.2328805e-12
   7.3662632e-11
   3.1217251e-12
   6.7761130e-11
   1.6667978e-10
  -1.6524559e-12
  -3.5438319e-13
   2.7203351e-10
   1.2830004e-10
   9.3919761e-11
   1.0996426e-09
   1.0640822e-11
  -3.0362379e-12
   6.8243722e-10
  -3.5851322e-12
   6.6812555e-11
   1.5740120e-10
  -3.9959147e-12
   1.6648904e-12
   1.0753309e-10
   6.9677597e-13
  -3.7054804e-12
   1.7411050e-10
   4.5350501e-10
   1.8389312e-10
   2.0236701e-11
   7.6912032e-11
   1.2508439e-11
   2.0304969e-09
   1.6784261e-09
  -7.6116891e-12
   6.4182881e-10
   9.2753583e-11
   7.5729290e-10
   2.1417557e-10
   3.5943226e-10
   1.9927127e-10
   7.7002404e-11
   1.2099983e-09
   1.7895108e-10
  -1.3327117e-12
   2.5726088e-12
   1.8069590e-10
   9.4100283e-12
   1.7021451e-10
   2.9488234e-10
   1.5463342e-10
   1.1136336e-10
   2.1427971e-11
   1.9806379e-12
   1.1413093e-13
   2.2263880e-09
   9.8326014e-11
   4.4260151e-12
   9.9073638e-11
   1.0349288e-09
   2.0555024e-10
   2.6860270e-10
  -2.2204460e-14
   7.9899065e-10
   1.6160762e-10
  -4.6971316e-12
   2.4760438e-10
   7.9225937e-10
   7.1098682e-13
   3.1019631e-13
   1.5363266e-12
   4.9080096e-10
  -2.8395064e-12
   1.0042318e-09
   5.7453509e-10
   2.1578050e-10
   2.1404234e-10
  -9.8943076e-13
   8.0791263e-10
   2.8399505e-12
   7.8603790e-14
   2.4983327e-10
   1.2655077e-10
   3.7916581e-10
   7.4531048e-11
   6.5876193e-12
   1.5778756e-10
   2.2686919e-10
   1.1369106e-10
   1.1906285e-09
   2.0983215e-13
   2.0402569e-10
  -4.3560711e-12
   2.4642666e-10
   3.7256642e-11
   2.1001667e-10
   3.9946979e-10
   1.3957724e-12
   5.4735239e-10
   4.2088555e-12
   2.3915536e-10
   1.8569692e-09
   1.9917401e-13
  -5.0621729e-12
   9.4281050e-10
  -1.9224622e-12
   4.8443249e-10
  -7.2208906e-12
   1.5073653e-10
   6.0995631e-10
  -1.3420376e-12
   7.8037199e-10
   2.4513724e-13
  -1.2981616e-11
   1.2823171e-09
   5.6754401e-10
   5.4372773e-10
   3.3760195e-10
   2.6545455e-10
   1.0608852e-09
   6.4301897e-12
   4.3580162e-10
   1.1786128e-12
   5.0812687e-11
   9.8574482e-12
   1.9172708e-10
   1.7661428e-12
   1.3863222e-10
   1.4377455e-10
   1.9298230e-10
  -5.0888183e-12
   4.0948822e-10
   5.8790106e-10
   3.0708769e-13
   3.5094949e-10
   2.8699265e-12
   3.7176617e-10
   6.9722006e-14
   1.8504354e-10
   1.6283548e-09
   1.3391510e-12
  -2.3780977e-12
   4.1211479e-13
   1.3497647e-11
   1.1427095e-09
  -6.7057471e-13
   2.0688073e-10
   6.6981976e-12
   1.2537524e-09
   2.9651837e-12
   1.3448798e-11
   6.8194406e-10
   1.5594970e-10
   3.2258574e-10
   1.5175194e-11
   6.4964700e-11
   1.1220114e-10
   8.1481488e-12
   3.8856984e-10
   1.9649660e-10
   9.1200381e-12
   3.9117598e-12
   2.1160673e-10
   5.9687810e-12
   1.9103030e-10
   4.9182680e-10
   3.9124415e-10
   2.1629565e-10
   9.8587805e-13
   6.5034644e-12
   4.1493475e-11
   3.4270364e-12
   3.5835512e-10
   2.8020364e-10
   3.2164937e-11
   3.6036218e-10
   2.3023827e-10
   1.7957369e-10
   5.2619553e-10
   4.3309001e-10
   3.2037017e-10
   4.2359449e-12
   2.9656078e-10
   5.7116312e-11
   1.7628565e-11
   1.4104939e-11
   5.2428062e-10
   3.6166625e-12
   1.7799540e-11
   5.3971272e-11
   2.3164826e-10
   3.5614178e-11
  -8.1632479e-12
   5.5222493e-13
   1.3875057e-10
   5.7985083e-10
   9.2839070e-12
   7.8830276e-12
   1.0382291e-09
   9.9831254e-13
   6.4250383e-11
   1.8143664e-10
   9.1376906e-11
   6.0883898e-10
   5.1761173e-10
  -1.6031620e-12
   2.5377722e-10
   1.0536771e-09
   3.7277892e-10
  -1.0849543e-11
   3.2754666e-10
   2.6258329e-11
  -1.3735679e-12
   3.5020253e-10
  -1.1308288e-11
   1.7252644e-10
   1.3919110e-10
   1.7631474e-10
  -3.9852566e-12
   5.8009109e-10
   1.8245849e-11
   4.3312465e-11
  -2.2515323e-13
   3.6523118e-10
  -1.9455548e-12
   1.3477108e-10
   8.8733465e-12
   2.5455194e-12
