  -3.0769387e-11
  -1.0080381e-11
  -1.7440938e-11
   2.0590085e-11
   5.4833915e-12
   6.3616890e-12
  -3.4228176e-12
  -3.2045477e-12
  -1.7406299e-11
  -7.6960660e-12
  -1.9921842e-11
   1.7302271e-11
  -1.4605650e-11
  -2.3167690e-11
  -1.6480151e-12
  -4.3753889e-12
  -1.8870239e-11
  -2.1893598e-12
  -2.2698954e-11
  -3.2498448e-12
  -4.5317083e-11
  -9.6900266e-12
   7.8321793e-12
   1.4990231e-12
  -1.1655121e-12
  -6.2656547e-11
  -3.2122971e-11
  -4.5019544e-12
  -3.1483705e-11
  -5.1767479e-12
  -2.0486945e-11
  -3.0206504e-11
  -3.1739056e-11
  -2.0544899e-11
  -1.5737411e-11
  -2.9812375e-11
  -3.4292569e-12
  -4.5572435e-12
  -2.0804691e-11
  -5.0222049e-12
  -9.1580077e-12
  -4.7567283e-11
   4.5752291e-13
  -1.9057644e-11
  -3.2279734e-11
  -3.4279690e-11
   3.8369308e-13
  -4.5565995e-11
   2.1068924e-11
  -5.1284532e-11
   6.6678885e-12
   4.7178927e-12
  -5.3150817e-12
   3.3812952e-12
   1.3735790e-11
   1.6706636e-12
  -3.6060044e-12
   2.5944691e-11
  -6.5368155e-11
  -4.3656190e-12
  -2.1074253e-12
   1.6473822e-11
  -1.6674884e-11
  -9.7419850e-12
  -1.8779422e-11
  -1.7340351e-11
   2.0616842e-13
  -4.2140069e-11
  -3.9250825e-12
  -6.1395333e-13
  -3.6000314e-11
   1.9514168e-11
  -2.5351055e-11
  -4.7006843e-13
  -1.4834134e-11
   1.3902213e-11
  -2.4233948e-12
  -3.0089042e-11
  -3.1255443e-11
  -1.7080781e-11
   7.0101702e-12
  -5.7467808e-11
  -9.3416386e-12
   4.2039705e-12
   2.3228974e-11
  -1.7021273e-11
   1.2896573e-11
  -1.1675105e-11
  -1.5072388e-11
   9.7155617e-13
  -9.2605923e-12
  -2.4685365e-11
   1.3507973e-11
  -1.4127366e-11
  -5.7869709e-11
  -1.7825297e-11
  -4.1816994e-11
  -4.6284976e-11
  -2.0825119e-11
  -5.1547655e-12
  -3.6743941e-11
  -1.5889512e-11
  -1.2345902e-11
  -2.5549118e-11
  -5.0022209e-12
   4.2701398e-12
  -3.9461101e-11
  -1.5749624e-12
  -4.8987481e-12
   5.3024252e-12
  -1.2432277e-11
   3.7216563e-11
  -3.0766278e-11
  -8.3399954e-12
   5.6898930e-13
  -1.9839019e-11
  -9.1284758e-12
  -5.7820415e-12
   2.1278757e-11
  -3.6114223e-11
   5.2618687e-11
   1.7651436e-11
   1.0355494e-11
   2.3881563e-11
  -6.3151484e-11
  -3.6417536e-11
  -3.0869085e-11
  -2.2255531e-12
  -3.6926018e-12
  -3.7515324e-11
  -3.4208192e-12
  -6.3598016e-12
   2.3610336e-11
  -2.2595259e-12
  -1.7885471e-11
  -1.6652235e-11
  -1.2450041e-11
  -3.3536951e-11
   2.8912872e-11
   1.6617374e-11
  -3.0173641e-12
  -1.2141399e-11
  -9.7666319e-12
   7.6585405e-12
  -1.0172085e-11
  -1.8615554e-11
   5.5047078e-12
  -9.7224451e-12
  -4.5019100e-11
  -2.9667380e-12
   3.4454661e-12
  -5.8983485e-11
  -3.4228176e-12
   1.3107737e-11
   2.7008618e-11
   2.3337776e-11
  -1.1423085e-11
   3.1707970e-13
   7.1932460e-12
  -2.0423663e-11
   7.1611606e-12
   7.1515016e-12
  -4.0424997e-11
   2.5610736e-11
  -8.5114138e-12
  -3.2763570e-11
  -4.7722493e-11
  -1.1776136e-11
  -2.3150371e-12
  -1.0263790e-11
   4.9482640e-12
  -5.7041039e-12
   3.2944980e-11
  -2.1322943e-12
  -4.8788307e-11
  -3.2116976e-11
  -8.9905861e-12
  -6.4324546e-11
   1.2869594e-11
  -5.5667915e-11
   1.7045476e-11
   1.4042101e-11
  -2.5640379e-11
   2.0503599e-12
  -1.0702772e-11
  -5.4717120e-11
  -1.8830715e-11
  -6.7417183e-12
  -1.4162449e-11
  -1.3125723e-11
   2.2392088e-11
  -4.1260328e-12
  -2.1891378e-11
  -1.0864420e-11
  -1.0768053e-11
  -2.9041214e-11
  -3.4134695e-11
   4.9953930e-11
  -8.3653084e-12
   2.5668023e-11
  -3.3004488e-11
   1.4552470e-11
  -2.5351721e-11
   7.7107210e-12
   1.1573187e-11
  -1.6211699e-11
   2.8370639e-12
  -1.7439383e-12
   4.9416027e-13
  -2.4693581e-12
   3.4623415e-11
  -1.4287682e-11
  -7.1183059e-12
  -2.4790614e-11
  -9.2634789e-12
  -1.9911406e-11
  -9.6478381e-13
  -1.7473134e-11
  -4.3867132e-12
  -8.6819441e-14
  -1.7392754e-12
  -2.8167024e-11
  -3.1505909e-11
   1.5790369e-11
  -1.9653612e-11
  -1.0642376e-11
  -2.1770363e-11
  -2.2323698e-11
  -1.9729551e-11
   2.2131186e-12
   1.4179768e-12
   8.6648466e-12
  -3.3807401e-11
  -1.9430457e-11
   3.6574299e-11
  -4.3963277e-11
  -3.6699976e-11
   1.0418000e-11
   1.7406077e-12
  -2.2844837e-11
  -4.5481396e-12
  -4.2006842e-11
  -3.5141001e-11
   1.1546319e-14
  -2.2045477e-11
  -7.4891204e-12
  -3.7454706e-11
  -1.2156054e-11
  -2.9753977e-12
   3.4812708e-11
   3.5060843e-12
  -1.9303004e-11
   1.0375256e-11
  -1.1872281e-11
   1.9089175e-12
  -3.9757975e-11
  -4.5358162e-11
  -5.6531224e-11
   1.4437451e-11
  -6.2065908e-12
  -3.7809977e-11
  -2.6270985e-11
   3.8304915e-12
  -2.6040059e-11
  -2.9871883e-11
  -3.2556180e-12
  -1.3762991e-11
  -1.6531221e-12
  -3.0810909e-11
  -2.5725644e-11
   5.7932548e-12
  -5.5890848e-12
  -1.7069013e-11
  -4.0060844e-11
  -3.0202507e-12
  -1.9981794e-11
   1.0276668e-11
  -2.2192470e-11
  -1.3887780e-11
  -4.7117865e-13
  -1.0813572e-11
  -6.6588735e-11
  -9.5903285e-12
  -3.0019986e-11
  -5.3195670e-11
  -1.3975487e-12
  -5.4914739e-11
  -4.3776538e-11
   4.2570170e-11
   3.3315906e-11
  -3.5089931e-11
   4.7519766e-12
  -5.8364646e-11
  -2.6889602e-11
  -6.1917804e-11
  -2.1055158e-11
  -1.9929836e-11
   2.7886582e-11
  -2.9342306e-11
  -2.9363179e-12
