  -1.8172130e-11
  -1.8202773e-11
  -1.8171686e-11
  -1.8299584e-11
  -1.8484769e-11
  -1.8163915e-11
  -1.8207658e-11
  -1.8195001e-11
  -1.8231860e-11
  -1.8253621e-11
  -1.8206103e-11
  -1.8299584e-11
  -1.8173019e-11
  -1.8260504e-11
  -1.8227198e-11
  -1.8174795e-11
  -1.8225865e-11
  -1.8506086e-11
  -1.8075319e-11
  -1.8192559e-11
  -1.8267610e-11
  -1.8116619e-11
  -1.8191892e-11
  -1.8251622e-11
  -1.8178570e-11
  -1.8211654e-11
  -1.8097523e-11
  -1.8153257e-11
  -1.8330448e-11
  -1.8147706e-11
  -1.8275825e-11
  -1.8175905e-11
  -1.8285373e-11
  -1.8255175e-11
  -1.8275825e-11
  -1.8199886e-11
  -1.8229418e-11
  -1.8169910e-11
  -1.8311130e-11
  -1.8278712e-11
  -1.8353097e-11
  -1.8227198e-11
  -1.8300472e-11
  -1.8155255e-11
  -1.8427038e-11
  -1.8180124e-11
  -1.8317126e-11
  -1.8145263e-11
  -1.8287594e-11
  -1.8249402e-11
  -1.8335999e-11
  -1.8270718e-11
  -1.8324897e-11
  -1.8047341e-11
  -1.8209434e-11
  -1.8188118e-11
  -1.8356427e-11
  -1.8258728e-11
  -1.8275381e-11
  -1.8241852e-11
  -1.8164137e-11
  -1.8247848e-11
  -1.8387958e-11
  -1.8314017e-11
  -1.8080648e-11
  -1.8249180e-11
  -1.8284041e-11
  -1.8297364e-11
  -1.8147706e-11
  -1.8430146e-11
  -1.8198332e-11
  -1.8243629e-11
  -1.8118840e-11
  -1.8280488e-11
  -1.8325563e-11
  -1.8298474e-11
  -1.8256063e-11
  -1.8194335e-11
  -1.8211210e-11
  -1.8065993e-11
  -1.8338220e-11
  -1.8232749e-11
  -1.8284929e-11
  -1.8326451e-11
  -1.8211876e-11
  -1.8260948e-11
  -1.8247404e-11
  -1.8258284e-11
  -1.8172575e-11
  -1.8216095e-11
  -1.8167690e-11
  -1.8350876e-11
  -1.8149260e-11
  -1.8204327e-11
  -1.8246071e-11
  -1.8248514e-11
  -1.8128610e-11
  -1.8269164e-11
  -1.8290480e-11
  -1.8037127e-11
  -1.8274271e-11
  -1.8247182e-11
  -1.8295365e-11
  -1.8206991e-11
  -1.8216983e-11
  -1.8195667e-11
  -1.8185675e-11
  -1.8330670e-11
  -1.8180568e-11
  -1.8200996e-11
  -1.8309576e-11
  -1.8258284e-11
  -1.8261392e-11
  -1.8052226e-11
  -1.8157476e-11
  -1.8172797e-11
  -1.8220314e-11
  -1.8235635e-11
  -1.8320234e-11
  -1.8299362e-11
  -1.8366419e-11
  -1.8320900e-11
  -1.8343105e-11
  -1.8231860e-11
  -1.8309576e-11
  -1.8133051e-11
  -1.8278046e-11
  -1.8282265e-11
  -1.8276269e-11
  -1.8326674e-11
  -1.8061996e-11
  -1.8042234e-11
  -1.8014479e-11
  -1.8288926e-11
  -1.8306023e-11
  -1.8364199e-11
  -1.8376412e-11
  -1.8195223e-11
  -1.8173019e-11
  -1.8171464e-11
  -1.8157698e-11
  -1.8258728e-11
  -1.8182789e-11
  -1.8415047e-11
  -1.8224533e-11
  -1.8365531e-11
  -1.8191226e-11
  -1.8209212e-11
  -1.8286039e-11
  -1.8282709e-11
  -1.8171686e-11
  -1.8222313e-11
  -1.8304025e-11
  -1.8281821e-11
  -1.8247182e-11
  -1.8329782e-11
  -1.8320678e-11
  -1.8227420e-11
  -1.8248514e-11
  -1.8268276e-11
  -1.8206991e-11
  -1.8289592e-11
  -1.8021140e-11
  -1.8198332e-11
  -1.8199886e-11
  -1.8322677e-11
  -1.8217872e-11
  -1.8121060e-11
  -1.8276491e-11
  -1.8275603e-11
  -1.8280932e-11
  -1.8391066e-11
  -1.8068436e-11
  -1.8204327e-11
  -1.8253843e-11
  -1.8235191e-11
  -1.8266055e-11
  -1.8128166e-11
  -1.8199664e-11
  -1.8121060e-11
  -1.8140156e-11
  -1.8207658e-11
  -1.8118396e-11
  -1.8116619e-11
  -1.8171686e-11
  -1.8331558e-11
  -1.8305357e-11
  -1.8186563e-11
  -1.8350876e-11
  -1.8175239e-11
  -1.8282265e-11
  -1.8387070e-11
  -1.8274493e-11
  -1.8296031e-11
  -1.8277824e-11
  -1.8087754e-11
  -1.8099522e-11
  -1.8237412e-11
  -1.8490542e-11
  -1.8250290e-11
  -1.8234081e-11
  -1.8088642e-11
  -1.8163249e-11
  -1.8279600e-11
  -1.8299806e-11
  -1.8151702e-11
  -1.8302249e-11
  -1.8248292e-11
  -1.8190782e-11
  -1.8198776e-11
  -1.8457236e-11
  -1.8310242e-11
  -1.8186341e-11
  -1.8233415e-11
  -1.8257840e-11
  -1.8288926e-11
  -1.8199664e-11
  -1.8060220e-11
  -1.8363977e-11
  -1.8167912e-11
  -1.8250290e-11
  -1.8240964e-11
  -1.8122392e-11
  -1.8089308e-11
  -1.8357760e-11
  -1.8210766e-11
  -1.8160362e-11
  -1.8212987e-11
  -1.8225643e-11
  -1.8271828e-11
  -1.8314017e-11
  -1.8214097e-11
  -1.8270274e-11
  -1.8264501e-11
  -1.8265833e-11
  -1.8337110e-11
  -1.8255619e-11
  -1.8252955e-11
  -1.8182789e-11
  -1.8370194e-11
  -1.8139712e-11
  -1.8165469e-11
  -1.8126389e-11
  -1.8343549e-11
  -1.8274049e-11
  -1.8362201e-11
  -1.8351543e-11
  -1.8242075e-11
  -1.8269386e-11
  -1.8089530e-11
  -1.8262947e-11
  -1.8222535e-11
  -1.8220536e-11
  -1.8393731e-11
  -1.8371971e-11
  -1.8232083e-11
  -1.8354207e-11
  -1.8262281e-11
  -1.8228752e-11
  -1.8380852e-11
  -1.8333779e-11
  -1.8205659e-11
  -1.8362201e-11
  -1.8361312e-11
  -1.8348434e-11
  -1.8369306e-11
  -1.8194779e-11
  -1.8361312e-11
  -1.8281376e-11
  -1.8191226e-11
  -1.8260948e-11
  -1.8113511e-11
  -1.8242297e-11
  -1.8127277e-11
  -1.8180790e-11
  -1.8231194e-11
  -1.8337998e-11
  -1.8249846e-11
  -1.8297142e-11
  -1.8126611e-11
  -1.8185009e-11
  -1.8238744e-11
  -1.8299584e-11
  -1.8379076e-11
  -1.8197222e-11
  -1.8203661e-11
  -1.8259172e-11
  -1.8286261e-11
  -1.8225865e-11
  -1.8195667e-11
  -1.8187896e-11
  -1.8292701e-11
  -1.8096191e-11
  -1.8266277e-11
  -1.8190782e-11
  -1.8419266e-11
  -1.8253177e-11
  -1.8236745e-11
  -1.8068658e-11
  -1.8181456e-11
